object={
	name="tree_cypress_01_generator_1_0"
	render_pass=Map
	clamp_to_water_level=no
	generated_content=yes
	layer="tree_high_layer"
	pdxmesh="tree_cypress_01_a_mesh"
	count=15
	transform="7453.698242 0.000000 3852.070312 0.000000 0.324519 0.000000 0.945879 1.000000 1.000000 1.000000
7457.676758 0.000000 3847.688232 0.000000 0.949506 0.000000 0.313749 1.000000 1.000000 1.000000
7449.276367 0.000000 3854.207520 0.000000 0.679439 0.000000 0.733732 1.000000 1.000000 1.000000
7444.592285 0.000000 3852.056885 0.000000 0.964437 0.000000 0.264313 1.000000 1.000000 1.000000
7456.558594 0.000000 3850.762695 0.000000 0.103875 0.000000 0.994590 1.000000 1.000000 1.000000
7458.853027 0.000000 3844.950439 0.000000 0.130720 0.000000 0.991419 1.000000 1.000000 1.000000
7455.017090 0.000000 3848.516602 0.000000 0.214694 0.000000 0.976681 1.000000 1.000000 1.000000
7442.882812 0.000000 3855.557129 0.000000 0.040980 0.000000 0.999160 1.000000 1.000000 1.000000
7460.311523 0.000000 3846.523682 0.000000 0.965434 0.000000 0.260649 1.000000 1.000000 1.000000
7454.825684 0.000000 3853.761475 0.000000 0.900715 0.000000 0.434411 1.000000 1.000000 1.000000
7446.195312 0.000000 3857.321533 0.000000 0.889692 0.000000 0.456560 1.000000 1.000000 1.000000
7454.852051 0.000000 3850.726074 0.000000 0.998359 0.000000 0.057260 1.000000 1.000000 1.000000
7458.534180 0.000000 3846.438477 0.000000 0.236350 0.000000 0.971668 1.000000 1.000000 1.000000
7442.469727 0.000000 3854.235596 0.000000 0.931077 0.000000 0.364824 1.000000 1.000000 1.000000
7457.115234 0.000000 3851.804932 0.000000 0.280844 0.000000 0.959753 1.000000 1.000000 1.000000
"}
object={
	name="tree_cypress_01_generator_1_1"
	render_pass=Map
	clamp_to_water_level=no
	generated_content=yes
	layer="tree_high_layer"
	pdxmesh="tree_cypress_01_b_mesh"
	count=12
	transform="7445.373535 0.000000 3855.527344 0.000000 0.969736 0.000000 -0.244156 1.000000 1.000000 1.000000
7461.484375 0.000000 3848.313477 0.000000 0.967621 0.000000 -0.252407 1.000000 1.000000 1.000000
7448.311035 0.000000 3857.531982 0.000000 0.974881 0.000000 -0.222726 1.000000 1.000000 1.000000
7459.498047 0.000000 3849.944092 0.000000 0.959091 0.000000 -0.283099 1.000000 1.000000 1.000000
7456.807129 0.000000 3852.929688 0.000000 0.747053 0.000000 -0.664764 1.000000 1.000000 1.000000
7442.556152 0.000000 3852.415771 0.000000 0.908933 0.000000 -0.416941 1.000000 1.000000 1.000000
7444.103516 0.000000 3853.993896 0.000000 0.947635 0.000000 -0.319355 1.000000 1.000000 1.000000
7459.519043 0.000000 3848.156738 0.000000 0.913093 0.000000 -0.407751 1.000000 1.000000 1.000000
7444.354492 0.000000 3856.918457 0.000000 0.962938 0.000000 -0.269721 1.000000 1.000000 1.000000
7457.499023 0.000000 3849.362549 0.000000 0.998929 0.000000 -0.046277 1.000000 1.000000 1.000000
7455.319336 0.000000 3852.283691 0.000000 0.708321 0.000000 -0.705890 1.000000 1.000000 1.000000
7447.305664 0.000000 3856.851074 0.000000 0.907474 0.000000 -0.420109 1.000000 1.000000 1.000000
"}
object={
	name="tree_cypress_01_generator_1_2"
	render_pass=Map
	clamp_to_water_level=no
	generated_content=yes
	layer="tree_high_layer"
	pdxmesh="tree_cypress_01_c_mesh"
	count=7
	transform="7459.286621 0.000000 3852.439209 0.000000 0.202671 0.000000 -0.979247 1.000000 1.000000 1.000000
7441.096680 0.000000 3854.070068 0.000000 0.460524 0.000000 -0.887647 1.000000 1.000000 1.000000
7447.462891 0.000000 3855.540527 0.000000 0.482638 0.000000 -0.875820 1.000000 1.000000 1.000000
7456.419922 0.000000 3848.329834 0.000000 0.128284 0.000000 -0.991737 1.000000 1.000000 1.000000
7444.139160 0.000000 3855.727783 0.000000 0.407786 0.000000 -0.913078 1.000000 1.000000 1.000000
7458.604004 0.000000 3848.921875 0.000000 0.435034 0.000000 -0.900414 1.000000 1.000000 1.000000
7459.431152 0.000000 3847.095215 0.000000 0.052719 0.000000 -0.998609 1.000000 1.000000 1.000000
"}
