object={
	name="tree_pine_impassable_01_a_generator_1_0"
	render_pass=Map
	clamp_to_water_level=no
	generated_content=yes
	layer="tree_high_layer"
	pdxmesh="tree_pine_impassable_01_a_mesh"
	count=63
	transform="7076.562500 0.000000 4322.596680 0.000000 0.903510 0.000000 -0.428568 0.400000 0.400000 0.400000
7089.475586 0.000000 4356.103516 0.000000 0.056953 0.000000 0.998377 0.400000 0.400000 0.400000
7089.726074 0.000000 4336.791016 0.000000 0.267865 0.000000 -0.963457 0.400000 0.400000 0.400000
7054.898926 0.000000 4318.419434 0.000000 0.295695 0.000000 -0.955282 0.400000 0.400000 0.400000
7121.261719 0.000000 4361.480957 0.000000 0.666615 0.000000 0.745402 0.400000 0.400000 0.400000
7073.955566 0.000000 4334.065918 0.000000 0.655150 0.000000 0.755499 0.400000 0.400000 0.400000
7065.281250 0.000000 4348.791992 0.000000 0.999415 0.000000 0.034201 0.400000 0.400000 0.400000
7108.467285 0.000000 4351.274414 0.000000 0.771681 0.000000 0.636010 0.400000 0.400000 0.400000
7081.085449 0.000000 4339.026367 0.000000 0.633959 0.000000 -0.773367 0.400000 0.400000 0.400000
7052.304199 0.000000 4342.346191 0.000000 0.113431 0.000000 0.993546 0.400000 0.400000 0.400000
7051.074219 0.000000 4334.573242 0.000000 0.580686 0.000000 -0.814128 0.400000 0.400000 0.400000
7060.158691 0.000000 4343.718750 0.000000 0.004203 0.000000 0.999991 0.400000 0.400000 0.400000
7114.597656 0.000000 4364.648926 0.000000 0.088910 0.000000 0.996040 0.400000 0.400000 0.400000
7062.194824 0.000000 4320.179199 0.000000 0.665894 0.000000 -0.746047 0.400000 0.400000 0.400000
7104.564453 0.000000 4365.202148 0.000000 0.577042 0.000000 0.816714 0.400000 0.400000 0.400000
7093.116211 0.000000 4360.671387 0.000000 0.701019 0.000000 -0.713143 0.400000 0.400000 0.400000
7068.781250 0.000000 4344.644043 0.000000 0.850178 0.000000 0.526496 0.400000 0.400000 0.400000
7084.534668 0.000000 4334.760742 0.000000 0.885753 0.000000 -0.464157 0.400000 0.400000 0.400000
7079.650391 0.000000 4344.182617 0.000000 0.758693 0.000000 0.651448 0.400000 0.400000 0.400000
7069.647949 0.000000 4331.766113 0.000000 0.126722 0.000000 0.991938 0.400000 0.400000 0.400000
7119.204590 0.000000 4365.950195 0.000000 0.927007 0.000000 0.375044 0.400000 0.400000 0.400000
7055.886230 0.000000 4345.482422 0.000000 0.823059 0.000000 0.567955 0.400000 0.400000 0.400000
7109.905762 0.000000 4355.563477 0.000000 0.917670 0.000000 -0.397344 0.400000 0.400000 0.400000
7116.780273 0.000000 4360.523926 0.000000 0.925840 0.000000 -0.377915 0.400000 0.400000 0.400000
7064.487793 0.000000 4343.832520 0.000000 0.851527 0.000000 0.524311 0.400000 0.400000 0.400000
7088.005371 0.000000 4360.172363 0.000000 0.525365 0.000000 -0.850877 0.400000 0.400000 0.400000
7100.099609 0.000000 4366.525879 0.000000 0.497220 0.000000 0.867625 0.400000 0.400000 0.400000
7081.217285 0.000000 4347.950195 0.000000 0.986022 0.000000 0.166615 0.400000 0.400000 0.400000
7079.206055 0.000000 4325.969238 0.000000 0.999799 0.000000 0.020045 0.400000 0.400000 0.400000
7063.157227 0.000000 4316.315430 0.000000 0.861934 0.000000 -0.507020 0.400000 0.400000 0.400000
7057.130859 0.000000 4340.933594 0.000000 0.193154 0.000000 -0.981169 0.400000 0.400000 0.400000
7106.551270 0.000000 4357.140625 0.000000 0.999888 0.000000 -0.014966 0.400000 0.400000 0.400000
7083.151855 0.000000 4343.405762 0.000000 0.595888 0.000000 0.803068 0.400000 0.400000 0.400000
7073.735840 0.000000 4330.725098 0.000000 0.834075 0.000000 -0.551650 0.400000 0.400000 0.400000
7052.623047 0.000000 4320.995117 0.000000 0.624914 0.000000 0.780693 0.400000 0.400000 0.400000
7117.469727 0.000000 4363.500977 0.000000 0.355514 0.000000 -0.934671 0.400000 0.400000 0.400000
7100.224121 0.000000 4370.230469 0.000000 0.905932 0.000000 0.423424 0.400000 0.400000 0.400000
7119.827148 0.000000 4369.768555 0.000000 0.949673 0.000000 0.313243 0.400000 0.400000 0.400000
7123.093262 0.000000 4380.950684 0.000000 0.993989 0.000000 -0.109478 0.400000 0.400000 0.400000
7104.957031 0.000000 4368.750977 0.000000 0.957790 0.000000 -0.287468 0.400000 0.400000 0.400000
7123.216309 0.000000 4366.844727 0.000000 0.369065 0.000000 -0.929403 0.400000 0.400000 0.400000
7150.227051 0.000000 4389.779297 0.000000 0.986642 0.000000 0.162904 0.400000 0.400000 0.400000
7125.036621 0.000000 4392.167480 0.000000 0.680589 0.000000 -0.732665 0.400000 0.400000 0.400000
7125.248535 0.000000 4376.619141 0.000000 0.995527 0.000000 0.094474 0.400000 0.400000 0.400000
7128.484375 0.000000 4396.718262 0.000000 0.674271 0.000000 -0.738484 0.400000 0.400000 0.400000
7145.250000 0.000000 4390.178223 0.000000 0.242061 0.000000 -0.970261 0.400000 0.400000 0.400000
7129.806152 0.000000 4377.655762 0.000000 0.952645 0.000000 0.304085 0.400000 0.400000 0.400000
7124.655762 0.000000 4381.558594 0.000000 0.988414 0.000000 0.151781 0.400000 0.400000 0.400000
7123.117188 0.000000 4368.704102 0.000000 0.949726 0.000000 -0.313083 0.400000 0.400000 0.400000
7146.271484 0.000000 4393.585449 0.000000 0.788724 0.000000 -0.614748 0.400000 0.400000 0.400000
7127.092773 0.000000 4379.501953 0.000000 0.770813 0.000000 0.637061 0.400000 0.400000 0.400000
7272.049805 0.000000 4518.814453 0.000000 0.058615 0.000000 -0.998281 0.400000 0.400000 0.400000
7285.847656 0.000000 4503.844238 0.000000 0.727862 0.000000 -0.685724 0.400000 0.400000 0.400000
7273.359863 0.000000 4525.552734 0.000000 0.342665 0.000000 -0.939458 0.400000 0.400000 0.400000
7291.106445 0.000000 4489.270996 0.000000 0.972229 0.000000 0.234032 0.400000 0.400000 0.400000
7288.666016 0.000000 4478.574707 0.000000 0.775398 0.000000 0.631473 0.400000 0.400000 0.400000
7290.424316 0.000000 4506.437988 0.000000 0.940026 0.000000 0.341103 0.400000 0.400000 0.400000
7284.376465 0.000000 4481.261719 0.000000 0.560563 0.000000 -0.828112 0.400000 0.400000 0.400000
7296.664062 0.000000 4512.020996 0.000000 0.999545 0.000000 0.030149 0.400000 0.400000 0.400000
7289.324707 0.000000 4493.323730 0.000000 0.627115 0.000000 -0.778927 0.400000 0.400000 0.400000
7287.750000 0.000000 4487.594727 0.000000 0.922032 0.000000 0.387114 0.400000 0.400000 0.400000
7289.335938 0.000000 4502.239258 0.000000 0.396729 0.000000 0.917936 0.400000 0.400000 0.400000
7291.846680 0.000000 4479.276367 0.000000 0.830624 0.000000 -0.556834 0.400000 0.400000 0.400000
"}
