object={
	name="tree_pine_01_b_generator_1_0"
	render_pass=Map
	clamp_to_water_level=no
	generated_content=yes
	layer="tree_high_layer"
	pdxmesh="tree_pine_01_b_mesh"
	count=219
	transform="5674.827637 0.000000 4253.652344 0.000000 0.799906 0.000000 -0.600125 0.400000 0.400000 0.400000
5665.023926 0.000000 4211.872559 0.000000 0.999973 0.000000 0.007361 0.400000 0.400000 0.400000
5684.674805 0.000000 4238.780762 0.000000 0.741772 0.000000 0.670653 0.400000 0.400000 0.400000
5675.614258 0.000000 4220.021484 0.000000 0.301434 0.000000 0.953487 0.400000 0.400000 0.400000
5658.846191 0.000000 4221.045898 0.000000 0.868322 0.000000 -0.496002 0.400000 0.400000 0.400000
5677.031250 0.000000 4233.008301 0.000000 0.570792 0.000000 -0.821095 0.400000 0.400000 0.400000
5681.990234 0.000000 4247.351074 0.000000 0.304782 0.000000 -0.952422 0.400000 0.400000 0.400000
5666.863281 0.000000 4251.386230 0.000000 0.642168 0.000000 0.766564 0.400000 0.400000 0.400000
5689.393555 0.000000 4245.118164 0.000000 0.693604 0.000000 0.720357 0.400000 0.400000 0.400000
5668.166504 0.000000 4221.997070 0.000000 0.117775 0.000000 0.993040 0.400000 0.400000 0.400000
5672.319824 0.000000 4213.632324 0.000000 0.911287 0.000000 -0.411772 0.400000 0.400000 0.400000
5664.303223 0.000000 4217.726562 0.000000 0.604172 0.000000 0.796854 0.400000 0.400000 0.400000
5683.238770 0.000000 4233.288086 0.000000 0.731785 0.000000 -0.681536 0.400000 0.400000 0.400000
5677.145508 0.000000 4248.914062 0.000000 0.999737 0.000000 0.022923 0.400000 0.400000 0.400000
5663.239258 0.000000 4223.678223 0.000000 0.457122 0.000000 -0.889404 0.400000 0.400000 0.400000
5668.966309 0.000000 4217.175781 0.000000 0.197029 0.000000 0.980398 0.400000 0.400000 0.400000
5685.375000 0.000000 4243.312988 0.000000 0.931222 0.000000 -0.364452 0.400000 0.400000 0.400000
5671.123047 0.000000 4251.750000 0.000000 0.312913 0.000000 -0.949782 0.400000 0.400000 0.400000
5671.704590 0.000000 4220.132324 0.000000 0.881787 0.000000 0.471648 0.400000 0.400000 0.400000
5669.458984 0.000000 4210.921875 0.000000 0.871626 0.000000 -0.490171 0.400000 0.400000 0.400000
5687.759277 0.000000 4240.594238 0.000000 0.974546 0.000000 0.224190 0.400000 0.400000 0.400000
5664.857422 0.000000 4220.983398 0.000000 0.803212 0.000000 -0.595693 0.400000 0.400000 0.400000
5671.977539 0.000000 4217.374023 0.000000 0.631996 0.000000 0.774972 0.400000 0.400000 0.400000
5700.064453 0.000000 4296.263672 0.000000 0.310659 0.000000 -0.950521 0.400000 0.400000 0.400000
5692.682129 0.000000 4277.419434 0.000000 0.056636 0.000000 0.998395 0.400000 0.400000 0.400000
5726.285156 0.000000 4327.000000 0.000000 0.155516 0.000000 -0.987833 0.400000 0.400000 0.400000
5717.531250 0.000000 4300.561523 0.000000 0.457510 0.000000 -0.889205 0.400000 0.400000 0.400000
5732.539062 0.000000 4338.921875 0.000000 0.884206 0.000000 -0.467097 0.400000 0.400000 0.400000
5708.440430 0.000000 4305.720703 0.000000 0.504863 0.000000 -0.863199 0.400000 0.400000 0.400000
5694.103027 0.000000 4286.698730 0.000000 0.025754 0.000000 -0.999668 0.400000 0.400000 0.400000
5723.603027 0.000000 4318.558594 0.000000 0.124523 0.000000 0.992217 0.400000 0.400000 0.400000
5701.870117 0.000000 4266.256348 0.000000 0.999874 0.000000 0.015844 0.400000 0.400000 0.400000
5673.582520 0.000000 4271.513672 0.000000 0.688665 0.000000 0.725080 0.400000 0.400000 0.400000
5695.302734 0.000000 4270.222656 0.000000 0.962722 0.000000 0.270493 0.400000 0.400000 0.400000
5730.802734 0.000000 4320.178711 0.000000 0.548898 0.000000 -0.835889 0.400000 0.400000 0.400000
5670.273438 0.000000 4264.396973 0.000000 0.386603 0.000000 -0.922246 0.400000 0.400000 0.400000
5715.558594 0.000000 4308.023438 0.000000 0.999934 0.000000 -0.011523 0.400000 0.400000 0.400000
5706.225098 0.000000 4299.489258 0.000000 0.864471 0.000000 -0.502682 0.400000 0.400000 0.400000
5688.068359 0.000000 4273.104004 0.000000 0.983026 0.000000 -0.183468 0.400000 0.400000 0.400000
5698.773926 0.000000 4290.294434 0.000000 0.419563 0.000000 0.907726 0.400000 0.400000 0.400000
5704.359375 0.000000 4291.600586 0.000000 0.130564 0.000000 0.991440 0.400000 0.400000 0.400000
5700.942383 0.000000 4271.650879 0.000000 0.984370 0.000000 -0.176113 0.400000 0.400000 0.400000
5697.237305 0.000000 4275.018066 0.000000 0.986525 0.000000 -0.163610 0.400000 0.400000 0.400000
5675.125000 0.000000 4266.143066 0.000000 0.222056 0.000000 -0.975034 0.400000 0.400000 0.400000
5713.073730 0.000000 4303.845215 0.000000 0.153854 0.000000 -0.988094 0.400000 0.400000 0.400000
5720.591309 0.000000 4314.711426 0.000000 0.643817 0.000000 -0.765180 0.400000 0.400000 0.400000
5730.594238 0.000000 4324.995117 0.000000 0.952181 0.000000 -0.305536 0.400000 0.400000 0.400000
5726.751465 0.000000 4322.350586 0.000000 0.899828 0.000000 0.436245 0.400000 0.400000 0.400000
5669.814941 0.000000 4268.893555 0.000000 0.019229 0.000000 0.999815 0.400000 0.400000 0.400000
5719.211426 0.000000 4318.992676 0.000000 0.355957 0.000000 0.934502 0.400000 0.400000 0.400000
5698.717773 0.000000 4284.464844 0.000000 0.780128 0.000000 0.625619 0.400000 0.400000 0.400000
5704.642090 0.000000 4295.672363 0.000000 0.983370 0.000000 0.181616 0.400000 0.400000 0.400000
5692.144531 0.000000 4272.891113 0.000000 0.642987 0.000000 0.765877 0.400000 0.400000 0.400000
5717.215820 0.000000 4304.598145 0.000000 0.511059 0.000000 0.859546 0.400000 0.400000 0.400000
5701.118164 0.000000 4292.797852 0.000000 0.308704 0.000000 0.951158 0.400000 0.400000 0.400000
5697.109375 0.000000 4287.585938 0.000000 0.998572 0.000000 0.053426 0.400000 0.400000 0.400000
5689.928711 0.000000 4275.701660 0.000000 0.871915 0.000000 -0.489658 0.400000 0.400000 0.400000
5698.326660 0.000000 4269.962891 0.000000 0.907942 0.000000 0.419095 0.400000 0.400000 0.400000
5672.958008 0.000000 4268.183594 0.000000 0.987493 0.000000 0.157661 0.400000 0.400000 0.400000
5697.928711 0.000000 4272.494141 0.000000 0.805847 0.000000 0.592124 0.400000 0.400000 0.400000
5741.806641 0.000000 4338.541504 0.000000 0.214535 0.000000 -0.976716 0.400000 0.400000 0.400000
5735.313477 0.000000 4335.764648 0.000000 0.038858 0.000000 0.999245 0.400000 0.400000 0.400000
5742.961426 0.000000 4334.233398 0.000000 0.803008 0.000000 -0.595968 0.400000 0.400000 0.400000
5746.201660 0.000000 4338.853027 0.000000 0.164075 0.000000 0.986448 0.400000 0.400000 0.400000
5739.250977 0.000000 4335.428711 0.000000 0.578310 0.000000 0.815817 0.400000 0.400000 0.400000
7089.781250 0.000000 4324.127930 0.000000 0.987915 0.000000 0.154995 0.400000 0.400000 0.400000
7091.684082 0.000000 4318.466797 0.000000 0.528816 0.000000 0.848736 0.400000 0.400000 0.400000
7087.434082 0.000000 4320.500000 0.000000 0.951341 0.000000 -0.308140 0.400000 0.400000 0.400000
7108.833008 0.000000 4447.541016 0.000000 0.831377 0.000000 0.555709 0.400000 0.400000 0.400000
7122.414062 0.000000 4445.468750 0.000000 0.963093 0.000000 0.269169 0.400000 0.400000 0.400000
7115.083496 0.000000 4442.512695 0.000000 0.178640 0.000000 -0.983914 0.400000 0.400000 0.400000
7115.459473 0.000000 4450.009277 0.000000 0.718513 0.000000 0.695514 0.400000 0.400000 0.400000
7120.380371 0.000000 4452.122070 0.000000 0.909363 0.000000 0.416004 0.400000 0.400000 0.400000
7110.813965 0.000000 4453.022461 0.000000 0.810240 0.000000 0.586098 0.400000 0.400000 0.400000
7117.900391 0.000000 4446.174805 0.000000 0.222601 0.000000 0.974910 0.400000 0.400000 0.400000
7113.087402 0.000000 4446.392578 0.000000 0.878252 0.000000 -0.478198 0.400000 0.400000 0.400000
7111.866211 0.000000 4449.681152 0.000000 0.633705 0.000000 -0.773575 0.400000 0.400000 0.400000
7120.938965 0.000000 4448.695312 0.000000 0.935820 0.000000 0.352478 0.400000 0.400000 0.400000
7131.681641 0.000000 4445.088379 0.000000 0.763010 0.000000 0.646387 0.400000 0.400000 0.400000
7153.970703 0.000000 4421.457520 0.000000 0.812463 0.000000 0.583013 0.400000 0.400000 0.400000
7152.356445 0.000000 4433.115234 0.000000 0.290743 0.000000 -0.956801 0.400000 0.400000 0.400000
7135.588379 0.000000 4434.139648 0.000000 0.993029 0.000000 -0.117870 0.400000 0.400000 0.400000
7184.409668 0.000000 4425.863770 0.000000 0.671001 0.000000 0.741457 0.400000 0.400000 0.400000
7124.658691 0.000000 4450.951660 0.000000 0.380753 0.000000 -0.924677 0.400000 0.400000 0.400000
7135.172852 0.000000 4455.079102 0.000000 0.678047 0.000000 -0.735018 0.400000 0.400000 0.400000
7125.188477 0.000000 4442.311523 0.000000 0.685695 0.000000 -0.727889 0.400000 0.400000 0.400000
7129.733887 0.000000 4437.512695 0.000000 0.999903 0.000000 0.013919 0.400000 0.400000 0.400000
7156.788574 0.000000 4428.169922 0.000000 0.679345 0.000000 0.733819 0.400000 0.400000 0.400000
7186.492676 0.000000 4419.005859 0.000000 0.040866 0.000000 0.999165 0.400000 0.400000 0.400000
7130.119141 0.000000 4452.439453 0.000000 0.517956 0.000000 0.855407 0.400000 0.400000 0.400000
7123.194824 0.000000 4457.114258 0.000000 0.585307 0.000000 0.810812 0.400000 0.400000 0.400000
7179.983398 0.000000 4467.218262 0.000000 0.225185 0.000000 0.974316 0.400000 0.400000 0.400000
7127.028320 0.000000 4446.732910 0.000000 0.757935 0.000000 0.652330 0.400000 0.400000 0.400000
7134.078125 0.000000 4449.427734 0.000000 0.768158 0.000000 -0.640260 0.400000 0.400000 0.400000
7132.946777 0.000000 4459.147949 0.000000 0.921445 0.000000 -0.388508 0.400000 0.400000 0.400000
7153.186523 0.000000 4426.031738 0.000000 0.890761 0.000000 0.454473 0.400000 0.400000 0.400000
7157.801758 0.000000 4420.250977 0.000000 0.552737 0.000000 0.833355 0.400000 0.400000 0.400000
7156.864258 0.000000 4424.220215 0.000000 0.166386 0.000000 0.986061 0.400000 0.400000 0.400000
7130.540527 0.000000 4448.726074 0.000000 0.637057 0.000000 0.770817 0.400000 0.400000 0.400000
7131.126953 0.000000 4456.003906 0.000000 0.918889 0.000000 0.394516 0.400000 0.400000 0.400000
7126.476562 0.000000 4438.881836 0.000000 0.895109 0.000000 0.445847 0.400000 0.400000 0.400000
7185.488281 0.000000 4422.513672 0.000000 0.906851 0.000000 0.421451 0.400000 0.400000 0.400000
7123.711426 0.000000 4445.546875 0.000000 0.711560 0.000000 -0.702625 0.400000 0.400000 0.400000
7123.366699 0.000000 4453.938965 0.000000 0.832660 0.000000 0.553785 0.400000 0.400000 0.400000
7183.208984 0.000000 4466.607422 0.000000 0.870267 0.000000 0.492580 0.400000 0.400000 0.400000
7133.256348 0.000000 4452.498047 0.000000 0.692508 0.000000 -0.721411 0.400000 0.400000 0.400000
7127.761719 0.000000 4450.287598 0.000000 0.376219 0.000000 -0.926531 0.400000 0.400000 0.400000
7208.869141 0.000000 4507.682129 0.000000 0.298506 0.000000 -0.954408 0.400000 0.400000 0.400000
7191.683105 0.000000 4496.488770 0.000000 0.784936 0.000000 0.619577 0.400000 0.400000 0.400000
7206.052734 0.000000 4495.040527 0.000000 0.774203 0.000000 -0.632938 0.400000 0.400000 0.400000
7198.980469 0.000000 4503.844238 0.000000 0.308935 0.000000 -0.951083 0.400000 0.400000 0.400000
7197.802734 0.000000 4497.918457 0.000000 0.333351 0.000000 0.942803 0.400000 0.400000 0.400000
7203.557129 0.000000 4506.437988 0.000000 0.507080 0.000000 -0.861899 0.400000 0.400000 0.400000
7205.402344 0.000000 4511.259277 0.000000 0.516982 0.000000 0.855996 0.400000 0.400000 0.400000
7202.580566 0.000000 4498.416504 0.000000 0.694270 0.000000 0.719715 0.400000 0.400000 0.400000
7195.667969 0.000000 4494.455566 0.000000 0.738756 0.000000 -0.673973 0.400000 0.400000 0.400000
7202.457520 0.000000 4493.323730 0.000000 0.999939 0.000000 0.011027 0.400000 0.400000 0.400000
7202.468750 0.000000 4502.239258 0.000000 0.952600 0.000000 0.304226 0.400000 0.400000 0.400000
7194.637207 0.000000 4497.712891 0.000000 0.948875 0.000000 -0.315652 0.400000 0.400000 0.400000
7205.955566 0.000000 4508.203613 0.000000 0.998626 0.000000 0.052413 0.400000 0.400000 0.400000
7295.736328 0.000000 4507.682129 0.000000 0.966130 0.000000 0.258055 0.400000 0.400000 0.400000
7279.272949 0.000000 4528.385742 0.000000 0.574025 0.000000 -0.818838 0.400000 0.400000 0.400000
7243.866699 0.000000 4516.108398 0.000000 0.492138 0.000000 0.870517 0.400000 0.400000 0.400000
7263.460449 0.000000 4549.884766 0.000000 0.704652 0.000000 -0.709553 0.400000 0.400000 0.400000
7211.903809 0.000000 4498.714355 0.000000 0.290081 0.000000 0.957002 0.400000 0.400000 0.400000
7264.104492 0.000000 4525.439453 0.000000 0.992507 0.000000 -0.122185 0.400000 0.400000 0.400000
7288.165039 0.000000 4483.917969 0.000000 0.044266 0.000000 0.999020 0.400000 0.400000 0.400000
7289.894531 0.000000 4540.093750 0.000000 0.850054 0.000000 -0.526695 0.400000 0.400000 0.400000
7274.568359 0.000000 4541.228027 0.000000 0.601130 0.000000 0.799151 0.400000 0.400000 0.400000
7240.837891 0.000000 4528.004395 0.000000 0.125153 0.000000 -0.992137 0.400000 0.400000 0.400000
7252.548828 0.000000 4523.906738 0.000000 0.950454 0.000000 0.310866 0.400000 0.400000 0.400000
7263.515625 0.000000 4537.221680 0.000000 0.702949 0.000000 0.711240 0.400000 0.400000 0.400000
7233.226074 0.000000 4520.290527 0.000000 0.789773 0.000000 -0.613399 0.400000 0.400000 0.400000
7220.700684 0.000000 4504.802734 0.000000 0.737307 0.000000 0.675558 0.400000 0.400000 0.400000
7278.783691 0.000000 4486.409180 0.000000 0.930845 0.000000 -0.365414 0.400000 0.400000 0.400000
7272.865723 0.000000 4551.755371 0.000000 0.257980 0.000000 0.966150 0.400000 0.400000 0.400000
7271.276855 0.000000 4532.410645 0.000000 0.080500 0.000000 0.996755 0.400000 0.400000 0.400000
7211.833496 0.000000 4507.991211 0.000000 0.522267 0.000000 0.852782 0.400000 0.400000 0.400000
7286.188477 0.000000 4523.060547 0.000000 0.762162 0.000000 -0.647387 0.400000 0.400000 0.400000
7257.536621 0.000000 4531.229492 0.000000 0.888882 0.000000 -0.458136 0.400000 0.400000 0.400000
7285.552246 0.000000 4491.720703 0.000000 0.993046 0.000000 0.117723 0.400000 0.400000 0.400000
7280.737305 0.000000 4536.038574 0.000000 0.899567 0.000000 -0.436783 0.400000 0.400000 0.400000
7226.358887 0.000000 4516.237793 0.000000 0.789384 0.000000 0.613900 0.400000 0.400000 0.400000
7279.167969 0.000000 4521.117188 0.000000 0.951725 0.000000 0.306951 0.400000 0.400000 0.400000
7267.203125 0.000000 4543.373047 0.000000 0.468490 0.000000 -0.883469 0.400000 0.400000 0.400000
7247.888672 0.000000 4529.033203 0.000000 0.508983 0.000000 -0.860776 0.400000 0.400000 0.400000
7245.448730 0.000000 4522.565918 0.000000 0.941051 0.000000 0.338263 0.400000 0.400000 0.400000
7218.555176 0.000000 4498.414551 0.000000 0.368872 0.000000 0.929480 0.400000 0.400000 0.400000
7224.890625 0.000000 4509.676758 0.000000 0.642842 0.000000 -0.765999 0.400000 0.400000 0.400000
7250.105469 0.000000 4518.056152 0.000000 0.994669 0.000000 -0.103118 0.400000 0.400000 0.400000
7258.348633 0.000000 4522.395996 0.000000 0.976462 0.000000 -0.215689 0.400000 0.400000 0.400000
7239.175781 0.000000 4520.767090 0.000000 0.917317 0.000000 0.398158 0.400000 0.400000 0.400000
7276.390137 0.000000 4546.917969 0.000000 0.201289 0.000000 -0.979532 0.400000 0.400000 0.400000
7265.418457 0.000000 4531.560547 0.000000 0.972477 0.000000 0.232998 0.400000 0.400000 0.400000
7269.216797 0.000000 4537.962891 0.000000 0.634933 0.000000 -0.772567 0.400000 0.400000 0.400000
7215.351562 0.000000 4503.265137 0.000000 0.882861 0.000000 0.469634 0.400000 0.400000 0.400000
7284.347656 0.000000 4540.042480 0.000000 0.999063 0.000000 0.043271 0.400000 0.400000 0.400000
7217.560059 0.000000 4509.547852 0.000000 0.226505 0.000000 -0.974010 0.400000 0.400000 0.400000
7271.084473 0.000000 4546.852051 0.000000 0.896379 0.000000 -0.443289 0.400000 0.400000 0.400000
7223.803711 0.000000 4500.432129 0.000000 0.804712 0.000000 0.593665 0.400000 0.400000 0.400000
7283.942383 0.000000 4486.969727 0.000000 0.656842 0.000000 -0.754028 0.400000 0.400000 0.400000
7292.269531 0.000000 4511.259277 0.000000 0.144570 0.000000 0.989495 0.400000 0.400000 0.400000
7268.623535 0.000000 4527.601074 0.000000 0.653467 0.000000 0.756955 0.400000 0.400000 0.400000
7275.627930 0.000000 4535.362305 0.000000 0.970909 0.000000 -0.239448 0.400000 0.400000 0.400000
7231.198242 0.000000 4514.085938 0.000000 0.436133 0.000000 -0.899882 0.400000 0.400000 0.400000
7268.087402 0.000000 4552.944336 0.000000 0.319054 0.000000 0.947736 0.400000 0.400000 0.400000
7294.203613 0.000000 4538.088867 0.000000 0.962879 0.000000 0.269934 0.400000 0.400000 0.400000
7259.683594 0.000000 4527.067871 0.000000 0.662335 0.000000 -0.749207 0.400000 0.400000 0.400000
7279.480469 0.000000 4541.018066 0.000000 0.899035 0.000000 0.437877 0.400000 0.400000 0.400000
7290.360840 0.000000 4535.444336 0.000000 0.131370 0.000000 -0.991333 0.400000 0.400000 0.400000
7289.447754 0.000000 4498.416504 0.000000 0.999398 0.000000 -0.034688 0.400000 0.400000 0.400000
7282.820801 0.000000 4532.086426 0.000000 0.822366 0.000000 0.568959 0.400000 0.400000 0.400000
7285.190918 0.000000 4535.714355 0.000000 0.999889 0.000000 -0.014896 0.400000 0.400000 0.400000
7275.592285 0.000000 4530.660645 0.000000 0.468055 0.000000 -0.883699 0.400000 0.400000 0.400000
7261.168457 0.000000 4533.593750 0.000000 0.712841 0.000000 -0.701326 0.400000 0.400000 0.400000
7282.020996 0.000000 4524.204102 0.000000 0.659340 0.000000 0.751845 0.400000 0.400000 0.400000
7266.986816 0.000000 4547.630859 0.000000 0.934757 0.000000 -0.355287 0.400000 0.400000 0.400000
7241.658203 0.000000 4523.893555 0.000000 0.411486 0.000000 -0.911416 0.400000 0.400000 0.400000
7269.734863 0.000000 4523.537109 0.000000 0.249624 0.000000 0.968343 0.400000 0.400000 0.400000
7264.002930 0.000000 4553.718262 0.000000 0.313967 0.000000 0.949434 0.400000 0.400000 0.400000
7249.223145 0.000000 4521.859375 0.000000 0.638253 0.000000 0.769826 0.400000 0.400000 0.400000
7278.847168 0.000000 4532.668945 0.000000 0.774286 0.000000 -0.632836 0.400000 0.400000 0.400000
7244.668945 0.000000 4526.797852 0.000000 0.903691 0.000000 0.428185 0.400000 0.400000 0.400000
7281.679199 0.000000 4483.869629 0.000000 0.368334 0.000000 -0.929694 0.400000 0.400000 0.400000
7227.905273 0.000000 4511.958496 0.000000 0.996480 0.000000 -0.083828 0.400000 0.400000 0.400000
7270.879883 0.000000 4542.195312 0.000000 0.995587 0.000000 0.093845 0.400000 0.400000 0.400000
7293.492676 0.000000 4541.729492 0.000000 0.987675 0.000000 -0.156518 0.400000 0.400000 0.400000
7243.111328 0.000000 4519.715332 0.000000 0.429013 0.000000 -0.903298 0.400000 0.400000 0.400000
7248.077148 0.000000 4525.351074 0.000000 0.310054 0.000000 0.950719 0.400000 0.400000 0.400000
7266.846191 0.000000 4535.047852 0.000000 0.290367 0.000000 0.956915 0.400000 0.400000 0.400000
7262.362305 0.000000 4529.637207 0.000000 0.957673 0.000000 0.287858 0.400000 0.400000 0.400000
7272.844238 0.000000 4537.651367 0.000000 0.998058 0.000000 0.062292 0.400000 0.400000 0.400000
7265.390137 0.000000 4540.249023 0.000000 0.750651 0.000000 0.660698 0.400000 0.400000 0.400000
7283.365234 0.000000 4520.911621 0.000000 0.990314 0.000000 -0.138845 0.400000 0.400000 0.400000
7231.057617 0.000000 4517.577148 0.000000 0.027862 0.000000 0.999612 0.400000 0.400000 0.400000
7272.355469 0.000000 4529.060547 0.000000 0.726920 0.000000 0.686722 0.400000 0.400000 0.400000
7277.208008 0.000000 4538.476562 0.000000 0.869277 0.000000 -0.494326 0.400000 0.400000 0.400000
7220.384766 0.000000 4501.343750 0.000000 0.365937 0.000000 0.930640 0.400000 0.400000 0.400000
7217.203125 0.000000 4506.131348 0.000000 0.970588 0.000000 0.240747 0.400000 0.400000 0.400000
7277.213867 0.000000 4543.574219 0.000000 0.935227 0.000000 -0.354048 0.400000 0.400000 0.400000
7273.866211 0.000000 4544.597168 0.000000 0.275472 0.000000 0.961309 0.400000 0.400000 0.400000
7293.583008 0.000000 4504.903809 0.000000 0.073364 0.000000 0.997305 0.400000 0.400000 0.400000
7278.351074 0.000000 4483.055664 0.000000 0.371097 0.000000 -0.928594 0.400000 0.400000 0.400000
7269.446777 0.000000 4549.819824 0.000000 0.086100 0.000000 -0.996287 0.400000 0.400000 0.400000
7286.587891 0.000000 4495.124023 0.000000 0.343508 0.000000 -0.939150 0.400000 0.400000 0.400000
7224.438965 0.000000 4512.974609 0.000000 0.618779 0.000000 -0.785565 0.400000 0.400000 0.400000
7287.198730 0.000000 4538.234863 0.000000 0.997780 0.000000 0.066597 0.400000 0.400000 0.400000
7286.565918 0.000000 4500.542480 0.000000 0.935582 0.000000 0.353110 0.400000 0.400000 0.400000
7276.122070 0.000000 4527.388672 0.000000 0.865015 0.000000 0.501745 0.400000 0.400000 0.400000
7286.887207 0.000000 4506.882324 0.000000 0.918811 0.000000 0.394699 0.400000 0.400000 0.400000
7264.652832 0.000000 4545.315430 0.000000 0.460065 0.000000 -0.887885 0.400000 0.400000 0.400000
7273.719238 0.000000 4548.714844 0.000000 0.089202 0.000000 -0.996014 0.400000 0.400000 0.400000
7255.144043 0.000000 4522.153809 0.000000 0.078549 0.000000 0.996910 0.400000 0.400000 0.400000
7260.811035 0.000000 4524.209961 0.000000 0.998332 0.000000 -0.057729 0.400000 0.400000 0.400000
7267.094727 0.000000 4524.987793 0.000000 0.353007 0.000000 -0.935621 0.400000 0.400000 0.400000
7292.822754 0.000000 4508.203613 0.000000 0.738630 0.000000 0.674111 0.400000 0.400000 0.400000
7223.603516 0.000000 4506.152344 0.000000 0.851422 0.000000 0.524481 0.400000 0.400000 0.400000
7288.322266 0.000000 4504.705078 0.000000 0.421008 0.000000 -0.907057 0.400000 0.400000 0.400000
7298.375488 0.000000 4539.781250 0.000000 0.498917 0.000000 -0.866650 0.400000 0.400000 0.400000
"}
