object={
	name="tree_jungle_01_c_generator_1_0"
	render_pass=Map
	clamp_to_water_level=no
	generated_content=yes
	layer="tree_high_layer"
	pdxmesh="tree_jungle_01_c_mesh"
	count=4
	transform="6827.482422 0.000000 3378.074463 0.000000 0.995683 0.000000 0.092815 0.870970 0.870970 0.870970
6826.432129 0.000000 3378.386963 0.000000 0.943086 0.000000 0.332550 0.794122 0.794122 0.794122
7345.779297 0.000000 3098.207031 0.000000 0.819031 0.000000 -0.573750 0.985128 0.985128 0.985128
7346.836914 0.000000 3099.699463 0.000000 0.095440 0.000000 -0.995435 1.423713 1.423713 1.423713
"}
