object={
	name="tree_palm_generator_1_0"
	render_pass=Map
	clamp_to_water_level=no
	generated_content=yes
	layer="tree_high_layer"
	pdxmesh="tree_palm_01_a_mesh"
	count=28
	transform="327.328827 0.000000 2426.280762 0.000000 0.896543 0.000000 -0.442958 0.833446 0.833446 0.833446
329.087341 0.000000 2430.605957 0.000000 0.991563 0.000000 -0.129629 0.735258 0.735258 0.735258
331.489990 0.000000 2426.749268 0.000000 0.666614 0.000000 0.745403 0.684712 0.684712 0.684712
324.468506 0.000000 2424.203125 0.000000 0.964499 0.000000 -0.264086 0.795279 0.795279 0.795279
329.247375 0.000000 2428.021729 0.000000 0.990063 0.000000 -0.140624 0.732350 0.732350 0.732350
330.461273 0.000000 2432.845459 0.000000 0.180150 0.000000 -0.983639 1.113824 1.113824 1.113824
322.786011 0.000000 2425.419678 0.000000 0.006603 0.000000 -0.999978 0.944927 0.944927 0.944927
325.062195 0.000000 2422.209961 0.000000 0.643660 0.000000 -0.765312 1.010705 1.010705 1.010705
322.660522 0.000000 2423.381348 0.000000 0.918784 0.000000 0.394760 0.555327 0.555327 0.555327
330.623657 0.000000 2429.282959 0.000000 0.603834 0.000000 -0.797110 0.830261 0.830261 0.830261
327.767853 0.000000 2429.184570 0.000000 0.580695 0.000000 0.814121 0.497861 0.497861 0.497861
327.942505 0.000000 2424.588135 0.000000 0.031335 0.000000 0.999509 0.297527 0.297527 0.297527
325.832611 0.000000 2425.291016 0.000000 0.490717 0.000000 0.871319 0.322857 0.322857 0.322857
331.896027 0.000000 2431.837158 0.000000 0.996414 0.000000 0.084612 0.679866 0.679866 0.679866
326.656525 0.000000 2430.759033 0.000000 0.216071 0.000000 -0.976378 0.866460 0.866460 0.866460
326.614502 0.000000 2427.737061 0.000000 0.238307 0.000000 0.971190 0.313188 0.313188 0.313188
328.746857 0.000000 2432.996582 0.000000 0.978719 0.000000 -0.205207 0.770503 0.770503 0.770503
330.664856 0.000000 2430.877441 0.000000 0.950475 0.000000 0.310802 0.624887 0.624887 0.624887
323.634705 0.000000 2422.288818 0.000000 0.410708 0.000000 0.911767 0.290885 0.290885 0.290885
331.682434 0.000000 2428.194824 0.000000 0.432956 0.000000 -0.901415 0.858577 0.858577 0.858577
324.222717 0.000000 2425.603516 0.000000 0.005601 0.000000 0.999984 0.141997 0.141997 0.141997
325.702637 0.000000 2423.668213 0.000000 0.255976 0.000000 -0.966683 1.167715 1.167715 1.167715
329.551788 0.000000 2431.887695 0.000000 0.951793 0.000000 -0.306743 0.784559 0.784559 0.784559
327.963043 0.000000 2427.696289 0.000000 0.413777 0.000000 -0.910378 1.032730 1.032730 1.032730
329.127747 0.000000 2429.278564 0.000000 0.853650 0.000000 -0.520847 0.825611 0.825611 0.825611
326.721130 0.000000 2424.367920 0.000000 0.054076 0.000000 0.998537 0.303478 0.303478 0.303478
331.630768 0.000000 2433.096924 0.000000 0.462426 0.000000 0.886658 0.375391 0.375391 0.375391
326.186554 0.000000 2426.582031 0.000000 0.330844 0.000000 0.943686 0.341272 0.341272 0.341272
"}
