object={
	name="tree_jungle_01_d_generator_1_0"
	render_pass=Map
	clamp_to_water_level=no
	generated_content=yes
	layer="tree_high_layer"
	pdxmesh="tree_jungle_01_d_mesh"
	count=84
	transform="7131.985840 0.000000 3299.450195 0.000000 0.997408 0.000000 -0.071958 0.770363 0.770363 0.770363
7128.194824 0.000000 3301.288818 0.000000 0.666805 0.000000 0.745232 0.515403 0.515403 0.515403
7130.020020 0.000000 3296.624512 0.000000 0.903605 0.000000 0.428366 0.657994 0.657994 0.657994
7127.389648 0.000000 3294.242920 0.000000 0.864394 0.000000 -0.502815 0.781568 0.781568 0.781568
7125.689941 0.000000 3300.071289 0.000000 0.846953 0.000000 -0.531667 0.782538 0.782538 0.782538
7129.371582 0.000000 3299.063477 0.000000 0.025731 0.000000 0.999669 0.023859 0.023859 0.023859
7130.507324 0.000000 3301.331787 0.000000 0.291685 0.000000 0.956514 0.494595 0.494595 0.494595
7127.979492 0.000000 3296.233887 0.000000 0.731877 0.000000 -0.681437 0.911436 0.911436 0.911436
7131.871094 0.000000 3297.459717 0.000000 0.755361 0.000000 0.655308 0.601481 0.601481 0.601481
7129.409668 0.000000 3294.570801 0.000000 0.056495 0.000000 0.998403 0.596892 0.596892 0.596892
7127.476074 0.000000 3299.377441 0.000000 0.443530 0.000000 -0.896260 1.078757 1.078757 1.078757
7128.299316 0.000000 3297.815186 0.000000 0.525469 0.000000 0.850813 0.452783 0.452783 0.452783
7126.616699 0.000000 3301.276367 0.000000 0.632398 0.000000 -0.774644 0.932516 0.932516 0.932516
7130.594727 0.000000 3298.221436 0.000000 0.471756 0.000000 0.881729 0.444784 0.444784 0.444784
7130.609375 0.000000 3299.789551 0.000000 0.594576 0.000000 -0.804040 1.014090 1.014090 1.014090
7129.380859 0.000000 3300.482666 0.000000 0.346727 0.000000 -0.937966 1.089451 1.089451 1.089451
7126.288574 0.000000 3298.971436 0.000000 0.829558 0.000000 -0.558420 0.925280 0.925280 0.925280
7129.495117 0.000000 3297.710693 0.000000 0.765055 0.000000 -0.643965 0.954371 0.954371 0.954371
7127.223145 0.000000 3298.225098 0.000000 0.097225 0.000000 0.995262 0.314103 0.314103 0.314103
7128.357910 0.000000 3300.027100 0.000000 0.559964 0.000000 0.828517 0.477580 0.477580 0.477580
7128.918457 0.000000 3296.806396 0.000000 0.573496 0.000000 0.819208 0.469579 0.469579 0.469579
7128.330566 0.000000 3298.852783 0.000000 0.605462 0.000000 0.795874 0.317411 0.317411 0.317411
7129.770020 0.000000 3299.769775 0.000000 0.156576 0.000000 -0.987666 1.414344 1.414344 1.414344
7129.575684 0.000000 3303.036133 0.000000 0.614280 0.000000 0.789088 0.666571 0.666571 0.666571
6156.915039 0.000000 4629.607422 0.000000 0.388617 0.000000 -0.921400 0.765357 0.765357 0.765357
6159.848145 0.000000 4633.511230 0.000000 0.848590 0.000000 0.529052 0.562109 0.562109 0.562109
6154.927246 0.000000 4634.352051 0.000000 0.727604 0.000000 -0.685998 0.898627 0.898627 0.898627
6157.640625 0.000000 4635.341309 0.000000 0.956976 0.000000 -0.290166 0.827725 0.827725 0.827725
6157.184570 0.000000 4632.587402 0.000000 0.761616 0.000000 0.648028 0.488633 0.488633 0.488633
6159.206543 0.000000 4630.846191 0.000000 0.601080 0.000000 0.799189 0.583560 0.583560 0.583560
6158.267090 0.000000 4633.751465 0.000000 0.078833 0.000000 -0.996888 1.252815 1.252815 1.252815
6156.484375 0.000000 4634.059082 0.000000 0.209952 0.000000 -0.977712 1.108861 1.108861 1.108861
6155.469238 0.000000 4632.914062 0.000000 0.977543 0.000000 -0.210735 0.787769 0.787769 0.787769
6158.717285 0.000000 4632.292480 0.000000 0.822700 0.000000 0.568475 0.546212 0.546212 0.546212
6156.160156 0.000000 4635.486328 0.000000 0.866533 0.000000 -0.499120 0.887967 0.887967 0.887967
6157.279297 0.000000 4633.533691 0.000000 0.364249 0.000000 -0.931302 1.194132 1.194132 1.194132
6156.276855 0.000000 4632.482422 0.000000 0.999780 0.000000 -0.020971 0.757775 0.757775 0.757775
6188.569336 0.000000 4597.861816 0.000000 0.885669 0.000000 0.464317 0.740959 0.740959 0.740959
6176.148926 0.000000 4604.961426 0.000000 0.305010 0.000000 -0.952349 0.823186 0.823186 0.823186
6189.710938 0.000000 4603.271973 0.000000 0.953942 0.000000 0.299991 0.745436 0.745436 0.745436
6172.846680 0.000000 4602.050781 0.000000 0.814934 0.000000 -0.579554 0.813662 0.813662 0.813662
6186.096191 0.000000 4601.265625 0.000000 0.366177 0.000000 -0.930545 1.144102 1.144102 1.144102
6178.499512 0.000000 4602.472656 0.000000 0.987641 0.000000 0.156731 0.743517 0.743517 0.743517
6189.695312 0.000000 4600.427734 0.000000 0.685609 0.000000 -0.727970 0.824807 0.824807 0.824807
6186.227051 0.000000 4598.746582 0.000000 0.999600 0.000000 0.028277 0.739568 0.739568 0.739568
6175.861816 0.000000 4602.006348 0.000000 0.303710 0.000000 0.952764 0.300958 0.300958 0.300958
6183.848633 0.000000 4600.444336 0.000000 0.774683 0.000000 -0.632349 0.794864 0.794864 0.794864
6187.582520 0.000000 4602.870605 0.000000 0.549096 0.000000 -0.835759 0.846344 0.846344 0.846344
6186.478516 0.000000 4596.625977 0.000000 0.478152 0.000000 0.878277 0.635562 0.635562 0.635562
6187.843262 0.000000 4599.905762 0.000000 0.658345 0.000000 -0.752716 1.064339 1.064339 1.064339
6177.085449 0.000000 4603.530762 0.000000 0.860624 0.000000 -0.509241 0.873053 0.873053 0.873053
6175.326172 0.000000 4603.500977 0.000000 0.955484 0.000000 0.295043 0.643450 0.643450 0.643450
6174.350098 0.000000 4601.736328 0.000000 0.613088 0.000000 0.790015 0.611858 0.611858 0.611858
6184.717773 0.000000 4601.453613 0.000000 0.845016 0.000000 0.534741 0.590481 0.590481 0.590481
6185.779785 0.000000 4600.009766 0.000000 0.666367 0.000000 -0.745624 0.987912 0.987912 0.987912
6177.059570 0.000000 4602.207031 0.000000 0.249188 0.000000 0.968455 0.446236 0.446236 0.446236
6187.237793 0.000000 4600.924316 0.000000 0.933041 0.000000 0.359771 0.628720 0.628720 0.628720
6187.737793 0.000000 4598.792969 0.000000 0.629661 0.000000 0.776870 0.421829 0.421829 0.421829
6186.768555 0.000000 4599.708008 0.000000 0.997951 0.000000 0.063983 0.726383 0.726383 0.726383
6174.734863 0.000000 4602.631836 0.000000 0.978402 0.000000 -0.206711 0.824073 0.824073 0.824073
7207.208008 0.000000 4418.962402 0.000000 0.845176 0.000000 -0.534488 0.763726 0.763726 0.763726
7192.579590 0.000000 4405.766602 0.000000 0.956479 0.000000 -0.291802 0.779385 0.779385 0.779385
7190.053711 0.000000 4403.738770 0.000000 0.986040 0.000000 0.166511 0.734025 0.734025 0.734025
7209.033203 0.000000 4419.536133 0.000000 0.026109 0.000000 0.999659 0.428957 0.428957 0.428957
7208.983398 0.000000 4418.143555 0.000000 0.341535 0.000000 -0.939869 1.004029 1.004029 1.004029
7191.145508 0.000000 4404.328613 0.000000 0.368032 0.000000 0.929813 0.347613 0.347613 0.347613
7191.369141 0.000000 4406.332031 0.000000 0.790475 0.000000 -0.612495 0.904290 0.904290 0.904290
7218.548828 0.000000 4445.088379 0.000000 0.280949 0.000000 -0.959723 0.800567 0.800567 0.800567
7210.218262 0.000000 4419.401367 0.000000 0.564978 0.000000 0.825106 0.339365 0.339365 0.339365
7220.945312 0.000000 4449.427734 0.000000 0.200418 0.000000 -0.979711 0.829464 0.829464 0.829464
7222.943848 0.000000 4445.399902 0.000000 0.339273 0.000000 0.940688 0.532160 0.532160 0.532160
7223.436035 0.000000 4448.603516 0.000000 0.406859 0.000000 -0.913491 0.816855 0.816855 0.816855
7220.523438 0.000000 4446.829590 0.000000 0.814801 0.000000 -0.579741 0.894740 0.894740 0.894740
7225.297852 0.000000 4446.418457 0.000000 0.711753 0.000000 -0.702430 0.792289 0.792289 0.792289
7211.727051 0.000000 4417.508301 0.000000 0.901740 0.000000 0.432279 0.688899 0.688899 0.688899
7220.756836 0.000000 4444.525391 0.000000 0.521760 0.000000 0.853092 0.564402 0.564402 0.564402
7210.151367 0.000000 4421.644043 0.000000 0.965539 0.000000 -0.260258 0.787467 0.787467 0.787467
7210.081055 0.000000 4416.222168 0.000000 0.239063 0.000000 0.971004 0.568290 0.568290 0.568290
7212.448730 0.000000 4419.145020 0.000000 0.912747 0.000000 0.408526 0.694053 0.694053 0.694053
7222.465332 0.000000 4447.105469 0.000000 0.730479 0.000000 0.682935 0.576862 0.576862 0.576862
7221.500000 0.000000 4445.759766 0.000000 0.814910 0.000000 0.579587 0.637716 0.637716 0.637716
7223.891113 0.000000 4446.763184 0.000000 0.237219 0.000000 -0.971456 1.056606 1.056606 1.056606
7211.229980 0.000000 4418.648926 0.000000 0.848040 0.000000 -0.529933 0.986347 0.986347 0.986347
7211.259277 0.000000 4419.567383 0.000000 0.195914 0.000000 0.980621 0.168738 0.168738 0.168738
"}
